1.32393836975
1.19590759277
1.30391120911
1.79290771484
2.45308876038
1.64604187012
1.296043396
1.65700912476
1.66797637939
1.09386444092
1.26695632935
1.69110298157
1.11317634583
1.71613693237
1.66988372803
1.17492675781
1.21808052063
1.30891799927
1.59406661987
1.29508972168
1.30796432495
1.38711929321
1.12318992615
1.25598907471
1.28102302551
1.51395797729
1.27100944519
1.65295600891
0.98991394043
1.39784812927
1.64413452148
1.19018554688
1.28793716431
1.35183334351
1.79004669189
1.5881061554
1.25408172607
1.57618522644
2.82287597656
1.23310089111
1.73807144165
1.22404098511
1.29008293152
1.56307220459
0.970840454102
1.27482414246
1.23405456543
1.26099586487
1.29795074463
1.29318237305
1.60694122314
1.1510848999
1.23405456543
1.66392326355
1.46985054016
1.47104263306
1.4328956604
1.25479698181
1.29294395447
1.7569065094
1.61099433899
1.28197669983
1.25002861023
1.21212005615
1.25002861023
1.25288963318
1.66797637939
1.27696990967
1.2731552124
1.5709400177
1.20687484741
1.30105018616
1.69205665588
1.18112564087
1.28197669983
1.60503387451
0.976085662842
1.28316879272
1.26791000366
1.19996070862
1.33895874023
1.30081176758
1.74689292908
1.94597244263
1.23405456543
1.56688690186
1.2640953064
1.28293037415
1.23620033264
1.08790397644
1.2640953064
1.57809257507
0.985145568848
1.27983093262
1.24597549438
1.15704536438
1.1899471283
1.31821632385
2.06804275513
1.27577781677
1.25980377197
1.27100944519
1.22308731079
1.32703781128
1.5709400177
1.2378692627
1.25312805176
1.66487693787
0.981092453003
1.4009475708
1.5971660614
1.18803977966
1.21593475342
1.41477584839
1.73497200012
1.21808052063
1.24788284302
1.43814086914
0.98705291748
1.28698348999
1.56092643738
1.10292434692
1.27601623535
1.58286094666
0.998020172119
1.35183334351
1.8298625946
1.19686126709
1.23190879822
1.2481212616
1.63698196411
1.29199028015
1.35612487793
1.66392326355
1.11198425293
1.55091285706
1.34921073914
1.29103660583
1.27911567688
1.24001502991
1.00898742676
1.28698348999
1.24216079712
1.08504295349
1.31821632385
2.06303596497
1.67512893677
1.25002861023
1.26695632935
1.6610622406
1.79004669189
1.32298469543
1.67989730835
1.01399421692
1.29890441895
1.73211097717
0.990867614746
1.36399269104
1.25885009766
1.05810165405
1.31893157959
1.27911567688
1.71589851379
1.74403190613
1.77502632141
1.75309181213
1.28102302551
1.45196914673
1.4181137085
1.00517272949
1.2800693512
1.25098228455
0.982999801636
1.28388404846
1.24192237854
1.09601020813
1.29985809326
2.05612182617
1.59382820129
1.2149810791
1.26600265503
1.6028881073
1.06906890869
1.26981735229
1.66702270508
1.09505653381
1.28698348999
1.31416320801
0.977993011475
1.30105018616
1.6040802002
1.20282173157
1.2378692627
1.25598907471
1.66487693787
1.93405151367
1.22809410095
1.39689445496
1.24001502991
1.32489204407
1.4750957489
1.2059211731
1.26886367798
1.65891647339
0.984907150269
1.3120174408
1.2469291687
1.32012367249
1.26004219055
1.30295753479
1.74498558044
1.18207931519
1.25098228455
1.57999992371
0.993967056274
1.49703025818
1.52897834778
1.22809410095
1.29699707031
1.47700309753
1.12199783325
1.38711929321
1.50799751282
1.08885765076
1.28412246704
1.31797790527
1.24001502991
1.30605697632
1.26099586487
1.60002708435
1.45602226257
1.30605697632
1.6930103302
1.39093399048
1.32989883423
1.4009475708
0.993967056274
1.29389762878
1.26791000366
1.21903419495
1.35803222656
1.29914283752
1.38401985168
1.25503540039
1.34992599487
1.77693367004
1.3439655304
1.26600265503
1.40619277954
1.27506256104
1.27506256104
1.21593475342
1.30796432495
1.43003463745
1.26695632935
1.28102302551
1.29795074463
1.26695632935
1.38092041016
2.13193893433
1.69396400452
1.35207176208
1.27816200256
1.29699707031
1.55806541443
1.28102302551
1.28316879272
1.3279914856
0.977993011475
1.34706497192
1.57499313354
1.9519329071
1.2948513031
1.2629032135
1.48320198059
1.27410888672
1.27196311951
1.42598152161
1.37591362
1.25813484192
1.32298469543
1.21879577637
1.33299827576
1.55282020569
0.978946685791
1.41310691833
1.7671585083
1.17993354797
1.23596191406
1.29389762878
1.68299674988
1.41978263855
1.35803222656
1.54995918274
1.16109848022
1.66797637939
1.59215927124
1.22904777527
1.38711929321
1.40309333801
1.01399421692
1.28197669983
1.80697441101
1.17182731628
1.39689445496
2.03013420105
1.44004821777
1.28889083862
1.2788772583
1.25598907471
1.13010406494
1.28197669983
1.69515609741
1.80292129517
1.26218795776
1.47795677185
1.68395042419
1.41215324402
1.26600265503
1.17588043213
1.28698348999
1.26719474792
1.40905380249
1.29580497742
1.25908851624
1.59192085266
1.22594833374
1.28579139709
1.35397911072
1.14393234253
1.29294395447
1.43480300903
0.988006591797
1.29389762878
1.26600265503
1.14798545837
1.27601623535
1.26314163208
1.4808177948
1.80792808533
1.62196159363
1.52492523193
1.23882293701
1.27506256104
1.77097320557
1.23596191406
1.31702423096
1.61695480347
0.98180770874
1.28698348999
2.21681594849
1.060962677
1.29222869873
1.23596191406
1.48320198059
1.28293037415
1.29580497742
1.58190727234
1.33299827576
1.24216079712
1.66988372803
1.42908096313
1.28817558289
1.37400627136
0.963926315308
1.35493278503
1.30414962769
1.21688842773
1.29699707031
1.25908851624
1.71303749084
1.28507614136
1.23906135559
1.59907341003
1.35207176208
1.26791000366
1.68299674988
1.28293037415
1.28388404846
1.49703025818
1.38711929321
1.26481056213
1.26504898071
1.26194953918
1.20306015015
1.25503540039
1.5869140625
1.12700462341
1.25503540039
1.75380706787
2.90894508362
1.24096870422
1.56998634338
1.26194953918
1.28602981567
1.65104866028
0.986099243164
1.54399871826
1.51610374451
1.33109092712
1.35803222656
1.29914283752
1.67679786682
1.2800693512
1.36208534241
1.93285942078
1.07002258301
1.40500068665
1.69110298157
1.25813484192
1.36995315552
1.50203704834
1.22809410095
1.61695480347
1.57284736633
1.30796432495
1.31011009216
1.42121315002
1.56903266907
1.21998786926
1.36613845825
1.6040802002
1.6028881073
1.44600868225
1.59096717834
1.32083892822
1.39093399048
1.27196311951
1.65700912476
1.25908851624
1.27601623535
1.90687179565
1.29008293152
1.25694274902
1.53303146362
1.84106826782
1.21307373047
1.46102905273
0.998973846436
1.27506256104
1.56307220459
1.59692764282
1.26695632935
1.50394439697
0.955104827881
1.28698348999
1.30701065063
1.26600265503
1.28698348999
1.35612487793
1.5561580658
1.23596191406
1.36399269104
1.60598754883
1.09601020813
1.37400627136
1.62100791931
1.24287605286
1.54495239258
1.65104866028
1.00779533386
1.28293037415
1.39713287354
1.15704536438
1.21712684631
1.45578384399
1.91497802734
1.36804580688
1.25002861023
1.49893760681
1.13701820374
1.33395195007
1.69396400452
0.996112823486
1.29294395447
1.55711174011
0.994920730591
1.49011611938
1.41406059265
1.28197669983
1.18899345398
1.2629032135
2.1698474884
1.53088569641
1.51300430298
1.77216529846
1.14917755127
1.38115882874
1.57690048218
1.25503540039
1.4021396637
1.65891647339
1.24907493591
1.32703781128
1.30915641785
1.2788772583
1.28293037415
1.4169216156
1.60217285156
1.24192237854
1.36995315552
1.74903869629
1.13987922668
1.40309333801
1.49488449097
1.16300582886
1.27482414246
1.59287452698
0.985860824585
1.28102302551
1.59502029419
1.84202194214
1.26314163208
1.26314163208
1.8310546875
1.74593925476
1.19400024414
1.61123275757
1.26099586487
1.27482414246
1.52397155762
1.34706497192
1.29508972168
1.5070438385
0.990152359009
1.30414962769
1.25503540039
1.22904777527
1.30105018616
1.27816200256
1.58786773682
1.32298469543
1.21808052063
1.50895118713
2.20608711243
1.45292282104
1.88589096069
1.13892555237
1.27196311951
1.3689994812
0.980138778687
1.28197669983
1.65200233459
1.1739730835
1.23500823975
1.25098228455
1.46794319153
1.43504142761
1.23381614685
1.43003463745
1.42097473145
1.24907493591
1.57999992371
0.990867614746
1.39403343201
1.76191329956
0.96607208252
1.06501579285
1.29508972168
1.24192237854
1.19590759277
1.26504898071
1.5709400177
1.07407569885
1.29818916321
1.65390968323
1.08098983765
1.34992599487
1.55997276306
1.16205215454
1.30200386047
1.44100189209
1.1420249939
1.39498710632
1.3689994812
1.21808052063
1.30391120911
1.25694274902
1.58286094666
1.296043396
1.27005577087
1.55401229858
1.10507011414
1.2309551239
1.28102302551
1.80602073669
1.29199028015
1.42884254456
0.991821289062
1.28483772278
1.28698348999
1.16920471191
1.29103660583
1.26194953918
1.78003311157
1.25408172607
1.25908851624
1.60789489746
1.17492675781
1.40810012817
1.37782096863
1.45506858826
1.28579139709
1.58619880676
0.990867614746
1.28793716431
1.25598907471
1.92308425903
1.20997428894
1.26695632935
1.94406509399
1.22094154358
1.27911567688
1.4979839325
1.12104415894
1.2731552124
1.708984375
1.25789642334
1.40595436096
1.57999992371
1.00088119507
1.41716003418
1.41406059265
1.2469291687
1.31011009216
1.40595436096
1.5721321106
1.65510177612
1.56188011169
1.66988372803
2.24804878235
1.4009475708
1.50990486145
1.06406211853
1.39307975769
1.55901908875
0.994920730591
1.55806541443
1.41191482544
1.25408172607
1.36303901672
1.41501426697
1.83200836182
1.31011009216
1.3599395752
1.84297561646
1.56092643738
1.27792358398
1.29008293152
1.24287605286
1.30414962769
1.66893005371
0.99778175354
1.39784812927
1.50012969971
1.10793113708
1.26600265503
1.35397911072
1.61290168762
1.36685371399
1.45816802979
1.48320198059
1.20878219604
1.30105018616
1.50680541992
1.20997428894
1.27696990967
1.53207778931
0.994920730591
1.30701065063
1.43098831177
1.38401985168
1.31487846375
1.25408172607
1.57308578491
1.25503540039
1.36613845825
1.6040802002
1.14583969116
1.2891292572
1.50299072266
1.44600868225
1.30200386047
1.33490562439
0.982046127319
1.45101547241
1.24311447144
1.95693969727
1.27100944519
1.24597549438
2.09093093872
1.36995315552
1.20401382446
1.48510932922
1.18112564087
1.30295753479
1.620054245
1.28197669983
1.28602981567
1.57690048218
0.988006591797
1.305103302
1.35898590088
1.19996070862
1.23906135559
1.56497955322
1.42288208008
1.33609771729
1.25885009766
1.34992599487
1.02305412292
1.27291679382
1.59001350403
1.23000144958
1.2629032135
1.60312652588
0.982046127319
1.28698348999
1.97720527649
1.4431476593
1.29914283752
1.44600868225
1.53589248657
1.41000747681
1.27696990967
1.83486938477
1.03902816772
1.28483772278
1.58190727234
1.38092041016
1.29389762878
1.44815444946
0.993967056274
1.34897232056
1.48391723633
1.28483772278
1.24478340149
1.24597549438
1.62100791931
1.82294845581
1.26886367798
1.69396400452
1.24287605286
1.25885009766
1.40810012817
0.98991394043
1.30391120911
1.68299674988
0.982046127319
1.26385688782
1.48892402649
1.97696685791
1.61600112915
1.30701065063
2.38609313965
1.19709968567
1.26886367798
1.56307220459
2.41303443909
1.27506256104
1.20711326599
1.38688087463
1.30200386047
1.27601623535
1.65104866028
1.42502784729
1.40595436096
1.89399719238
1.26814842224
1.25789642334
2.0649433136
1.30701065063
1.28698348999
1.37710571289
1.08695030212
1.49297714233
1.51801109314
1.79481506348
1.25288963318
1.64294242859
0.996112823486
1.30200386047
1.35016441345
1.12700462341
1.29103660583
1.26791000366
1.53303146362
1.30677223206
1.26910209656
1.67489051819
1.02519989014
1.27291679382
1.58309936523
1.39617919922
1.24979019165
1.38688087463
1.00803375244
1.22499465942
1.57904624939
1.3120174408
1.32894515991
1.26481056213
1.71303749084
1.2378692627
1.49297714233
1.41191482544
1.01613998413
1.42884254456
1.55305862427
1.29294395447
1.28889083862
1.57785415649
0.98705291748
1.39403343201
1.64914131165
1.25598907471
1.28889083862
1.44791603088
1.71089172363
1.29795074463
1.31583213806
1.83200836182
2.25305557251
1.30605697632
1.29580497742
1.25598907471
1.28293037415
1.54495239258
1.51085853577
1.1260509491
1.24406814575
1.5070438385
1.25908851624
1.31416320801
1.41906738281
1.31106376648
1.24311447144
1.52397155762
1.02090835571
1.27005577087
1.50299072266
1.20210647583
1.25503540039
1.23000144958
1.36089324951
1.88398361206
1.39999389648
1.29699707031
1.24907493591
1.53088569641
1.53589248657
1.45196914673
1.31702423096
1.41215324402
1.67798995972
1.52993202209
1.9998550415
1.46508216858
1.32608413696
1.4488697052
1.02400779724
1.21593475342
1.29294395447
1.2469291687
1.43003463745
1.33395195007
1.69992446899
1.25288963318
1.27792358398
2.62594223022
1.23500823975
1.55091285706
1.29818916321
1.30605697632
2.03108787537
1.7671585083
1.75595283508
1.33490562439
1.540184021
1.58405303955
1.27720832825
1.29508972168
1.68299674988
1.60813331604
1.70588493347
1.42884254456
1.65486335754
1.25479698181
1.51896476746
1.81698799133
1.47104263306
1.96290016174
1.59001350403
1.60193443298
1.88708305359
1.50299072266
1.30701065063
1.65200233459
3.01814079285
1.60479545593
1.28197669983
1.32989883423
1.46794319153
1.67608261108
1.57713890076
2.59709358215
1.30295753479
1.46198272705
2.60996818542
1.29795074463
1.24788284302
2.62713432312
1.68204307556
1.37090682983
1.40690803528
1.42216682434
1.40500068665
1.35684013367
1.74283981323
1.27601623535
1.38688087463
2.48599052429
1.28293037415
1.21212005615
1.65200233459
1.6930103302
1.42502784729
1.67202949524
1.69706344604
1.55997276306
1.51705741882
1.28698348999
1.28698348999
1.58905982971
2.48503684998
1.35517120361
1.34706497192
1.88708305359
1.53398513794
1.51491165161
1.87420845032
1.22094154358
1.23500823975
1.02496147156
1.28889083862
1.57904624939
1.69515609741
1.78790092468
1.23500823975
1.44600868225
2.18510627747
1.45697593689
1.31416320801
1.55806541443
1.80006027222
1.44600868225
1.58309936523
1.60002708435
1.49416923523
1.66606903076
1.61600112915
1.63698196411
1.78694725037
1.61790847778
1.2788772583
1.70397758484
1.68800354004
1.27792358398
1.25408172607
1.96218490601
1.25694274902
1.58905982971
1.4979839325
1.27506256104
1.36089324951
1.76310539246
1.27100944519
1.20210647583
1.61814689636
1.67918205261
1.58596038818
2.08520889282
1.85298919678
1.24597549438
1.29508972168
2.00200080872
1.30295753479
2.45094299316
1.35588645935
1.34491920471
1.31702423096
1.96695327759
1.30891799927
1.34515762329
2.23016738892
2.32887268066
1.25098228455
1.28483772278
2.05707550049
1.77001953125
1.37400627136
1.98101997375
1.69587135315
1.94692611694
1.39188766479
1.34086608887
2.22492218018
2.71892547607
1.39498710632
1.24597549438
1.8482208252
1.62601470947
1.27816200256
1.41501426697
2.5200843811
1.2800693512
1.38282775879
1.80602073669
1.24096870422
1.35397911072
1.7261505127
1.47795677185
1.60002708435
1.68704986572
1.73091888428
1.27005577087
1.83391571045
1.65796279907
1.4500617981
1.50203704834
1.44696235657
1.46889686584
1.29199028015
1.96886062622
1.45220756531
1.53398513794
1.51896476746
1.85012817383
2.43210792542
2.25400924683
1.29699707031
1.19996070862
1.70493125916
1.84392929077
1.68299674988
1.29699707031
2.48098373413
1.21712684631
1.58095359802
2.92205810547
1.30009651184
1.40595436096
2.71892547607
1.70516967773
1.56402587891
1.86610221863
1.49607658386
1.30891799927
1.88302993774
1.83701515198
1.55901908875
1.60717964172
1.35207176208
1.45196914673
1.98483467102
2.44092941284
1.38092041016
1.7511844635
1.59096717834
1.28984451294
1.40810012817
1.52897834778
1.44100189209
1.36590003967
1.5721321106
1.67179107666
1.22880935669
1.51705741882
1.84988975525
1.384973526
1.80912017822
2.02584266663
1.24382972717
1.55019760132
1.6942024231
1.2891292572
1.24907493591
1.59502029419
2.48289108276
1.28412246704
1.51205062866
1.92594528198
1.2378692627
1.34682655334
1.6040802002
1.69491767883
1.89018249512
1.8150806427
1.22213363647
1.24001502991
1.72400474548
1.30200386047
1.24907493591
1.59692764282
2.0809173584
1.5549659729
1.54399871826
2.03704833984
1.28293037415
1.25288963318
2.22206115723
1.77407264709
1.28984451294
2.5098323822
1.3120174408
1.59597396851
2.68507003784
1.24192237854
1.3861656189
1.65987014771
1.29985809326
1.58905982971
1.76906585693
2.00414657593
1.26504898071
1.44600868225
1.89900398254
1.29699707031
1.74808502197
1.74593925476
1.73401832581
1.39904022217
1.79195404053
1.91020965576
